0 1 1
0 14 1
0 25 1
0 29 1
1 0 1
1 2 1
2 1 1
2 3 1
3 2 1
4 5 1
4 21 1
4 25 1
4 26 1
4 31 1
5 4 1
5 6 1
6 5 1
6 7 1
7 6 1
8 9 1
8 10 1
9 8 1
9 12 1
10 8 1
10 13 1
11 12 1
12 9 1
12 11 1
13 10 1
13 14 1
14 0 1
14 13 1
14 25 1
14 26 1
14 31 1
15 16 1
16 15 1
16 17 1
17 16 1
17 18 1
18 17 1
18 19 1
19 18 1
19 20 1
20 19 1
20 21 1
21 4 1
21 20 1
21 25 1
21 29 1
22 23 1
22 25 1
23 22 1
23 24 1
24 23 1
24 25 1
25 0 1
25 4 1
25 14 1
25 21 1
25 22 1
25 24 1
25 29 1
26 4 1
26 14 1
26 29 1
27 28 1
28 27 1
28 35 1
29 0 1
29 21 1
29 25 1
29 26 1
29 35 1
30 32 1
30 33 1
31 4 1
31 14 1
31 34 1
32 30 1
33 30 1
33 34 1
34 31 1
34 33 1
35 28 1
35 29 1
